[{"id": 0, "img_name": "0793bd7f-9c57-4d73-b6a6-166aad31f168.jpg", "width": 572, "height": 764, "position": [-1.3109776519966732, -0.1317282333655593, 0.35253708919812826], "rotation": [[0.13798208170716195, -0.3360015136318725, 0.9316994837203938], [0.3135981506410616, 0.9071200969772558, 0.2806943704004056], [-0.9394770593485845, 0.2534484414966183, 0.23053577262687705]], "fy": 573.9545869517807, "fx": 570.9922659873747}, {"id": 1, "img_name": "0b67b6e3-2478-4413-a6ec-b2257bd84920.jpg", "width": 572, "height": 764, "position": [4.831662480868742, -0.6429920468838449, 1.5688095694606294], "rotation": [[-0.17812494604299753, 0.14779804896097354, -0.9728449210025764], [-0.2668352332647921, 0.9443566012248317, 0.19232672204248724], [0.947138037397772, 0.2938474884126353, -0.12877574176793924]], "fy": 573.9545869517807, "fx": 570.9922659873747}, {"id": 2, "img_name": "0dd0453c-790b-4953-a1fc-0ad6896b96f7.jpg", "width": 572, "height": 764, "position": [0.13418153677660546, 0.13214144907595932, -0.09979635871637627], "rotation": [[0.9685537412367236, -0.0028157491831822296, -0.24878850836178762], [0.0057393042443041825, 0.9999227341832735, 0.011026606469722621], [0.24873823735633652, -0.012107733891369822, 0.9684950655821011]], "fy": 573.9545869517807, "fx": 570.9922659873747}, {"id": 3, "img_name": "0f36efef-4d06-4833-92b8-9532ea533b01.jpg", "width": 572, "height": 764, "position": [-0.19922025506344787, 0.17538453001056722, -0.7565263733030007], "rotation": [[0.9968491461247504, -0.0458356211645622, 0.06473697322870815], [0.03733876778900898, 0.9912186577090174, 0.12685183888904386], [-0.069982828539251, -0.1240349484701478, 0.989806918175284]], "fy": 573.9545869517807, "fx": 570.9922659873747}, {"id": 4, "img_name": "0f7a07c0-42f6-4ec5-a424-458216c1dd4f.jpg", "width": 572, "height": 764, "position": [-1.4650936624480895, -0.13794410579288507, 0.4461187617385117], "rotation": [[0.08113609663704506, -0.2790257296620567, 0.956849818941855], [0.32614458503835114, 0.9145957862882047, 0.23904865060071426], [-0.9418315366734465, 0.292675912726718, 0.16520946291576868]], "fy": 573.9545869517807, "fx": 570.9922659873747}, {"id": 5, "img_name": "105bf10b-ea74-40d7-b95b-272bdb748b6b.jpg", "width": 572, "height": 764, "position": [0.32975018548470636, 0.06655970273475345, 0.42048534208248595], "rotation": [[-0.42719278034732405, -0.34928065295204097, 0.8339720342388697], [0.33938930394790934, 0.7929805960436308, 0.5059611394801398], [-0.8380460779604402, 0.49918413413457335, -0.2202134678974925]], "fy": 573.9545869517807, "fx": 570.9922659873747}, {"id": 6, "img_name": "1209f2b0-0a13-409d-b43d-07c9942be6ba.jpg", "width": 572, "height": 764, "position": [0.5305401168221883, 0.3538774821138142, -1.059776837232281], "rotation": [[0.9841259111267472, 0.011229620635262456, -0.17711602600933107], [-0.005177845478452243, 0.9993880460540397, 0.03459368902690347], [0.1773961131624682, -0.033127466318402875, 0.9835818166325421]], "fy": 573.9545869517807, "fx": 570.9922659873747}, {"id": 7, "img_name": "163fb20b-44a4-4422-9b25-d15c151f94bf.jpg", "width": 572, "height": 764, "position": [2.375102890968425, 0.9397711728485922, -3.1496927676723443], "rotation": [[0.8490015569947303, 0.04779596318950021, -0.526224193783706], [-0.12812219107501846, 0.9848016018786138, -0.1172625647487412], [0.5126217517572386, 0.16697709675313016, 0.8422218168542276]], "fy": 573.9545869517807, "fx": 570.9922659873747}, {"id": 8, "img_name": "19eb37ce-001c-44ea-86b8-f39d3e5df2b0.jpg", "width": 572, "height": 764, "position": [0.04706412687479049, 0.14582655107815565, -0.7056169167198545], "rotation": [[0.9953103387963358, 0.0594517522051554, -0.07630739574156731], [-0.04694510077786824, 0.9865879788820888, 0.156333993227035], [0.08457828916500476, -0.15201858138099975, 0.9847521840122159]], "fy": 573.9545869517807, "fx": 570.9922659873747}, {"id": 9, "img_name": "1ad304c4-fd49-4b2b-a3ce-35c0e5d285b8.jpg", "width": 572, "height": 764, "position": [1.207983573450659, 0.25345065996491856, -0.7423082689130728], "rotation": [[0.7314518561035199, 0.20816946942376163, -0.6493409383386705], [-0.16754065188369824, 0.9779359144870459, 0.12478572483570022], [0.6609904024788112, 0.01751625405773714, 0.7501898884113835]], "fy": 573.9545869517807, "fx": 570.9922659873747}, {"id": 10, "img_name": "2188b896-ac40-4390-ba03-8ed3acc5033c.jpg", "width": 572, "height": 764, "position": [0.3944887978973388, -0.05671720919229139, 0.9830588555401488], "rotation": [[0.011825322975208752, -0.44217505263386064, 0.8968508151107266], [0.2910438455493988, 0.859602374951529, 0.41997290025132383], [-0.9566366299198195, 0.2560565949276317, 0.138857403438625]], "fy": 573.9545869517807, "fx": 570.9922659873747}, {"id": 11, "img_name": "23087da1-c2b9-4968-b6ef-5cd14f15b18f.jpg", "width": 572, "height": 764, "position": [3.1424224202161897, 0.32319020673765353, -2.3323942244001707], "rotation": [[0.6723021474830717, 0.09655659395251559, -0.7339527550557589], [-0.12763455762999462, 0.991728628951776, 0.013555302137027242], [0.7291908132911752, 0.08456447647635232, 0.6790652451201099]], "fy": 573.9545869517807, "fx": 570.9922659873747}, {"id": 12, "img_name": "24e6df80-39ed-434c-ac9a-ebad3f07521a.jpg", "width": 572, "height": 764, "position": [-0.19922025506344787, 0.17538453001056722, -0.7565263733030007], "rotation": [[0.9968491461247504, -0.0458356211645622, 0.06473697322870815], [0.03733876778900898, 0.9912186577090174, 0.12685183888904386], [-0.069982828539251, -0.1240349484701478, 0.989806918175284]], "fy": 573.9545869517807, "fx": 570.9922659873747}, {"id": 13, "img_name": "259c6c4f-8003-4ccb-910b-5bc39c0f5d2c.jpg", "width": 572, "height": 764, "position": [-0.5239931807961898, 0.168546168241061, -0.7668529257355589], "rotation": [[0.9442419824733532, -0.1327933235235707, 0.3012855983321407], [0.11344011058021133, 0.9902433110214671, 0.08092914363065723], [-0.30909289840813414, -0.04223882343065935, 0.9500933964347149]], "fy": 573.9545869517807, "fx": 570.9922659873747}, {"id": 14, "img_name": "2717ee30-fec3-46c6-b138-893984873c08.jpg", "width": 572, "height": 764, "position": [-4.712484258094873, 0.21279416995065847, 0.6448043330952599], "rotation": [[0.082902026985824, -0.07800740112712608, 0.9934999241525052], [0.2881749589985547, 0.9562169116461195, 0.05103342912384635], [-0.9539824143703189, 0.28207102518931115, 0.10175209983498128]], "fy": 573.9545869517807, "fx": 570.9922659873747}, {"id": 15, "img_name": "27a5d44d-f293-4206-bfb9-834f37ec1736.jpg", "width": 572, "height": 764, "position": [3.349254566282444, 0.7641510743577065, -2.727384414415591], "rotation": [[0.7262959692980778, 0.0649299257942494, -0.6843086070755788], [-0.16825316383379335, 0.9820377855558042, -0.08539707606569909], [0.6664720833172866, 0.1771606403155209, 0.7241747507899664]], "fy": 573.9545869517807, "fx": 570.9922659873747}, {"id": 16, "img_name": "2884b2a0-e144-4576-b430-8e5b0d9c13dd.jpg", "width": 572, "height": 764, "position": [-1.4434381853409524, -0.05722543202684005, 0.15696786147385713], "rotation": [[0.30807893839321865, -0.23519413859062285, 0.9218302907211946], [0.2878215394751517, 0.9465941377121047, 0.14532136753840036], [-0.9067778830191332, 0.22055216077311976, 0.3593196560802747]], "fy": 573.9545869517807, "fx": 570.9922659873747}, {"id": 17, "img_name": "2908d094-815f-432e-b410-d9741d768226.jpg", "width": 572, "height": 764, "position": [-0.5239931807961898, 0.168546168241061, -0.7668529257355589], "rotation": [[0.9442419824733532, -0.1327933235235707, 0.3012855983321407], [0.11344011058021133, 0.9902433110214671, 0.08092914363065723], [-0.30909289840813414, -0.04223882343065935, 0.9500933964347149]], "fy": 573.9545869517807, "fx": 570.9922659873747}, {"id": 18, "img_name": "2ffeaae5-0c9a-49d4-bd19-5e8f22318115.jpg", "width": 572, "height": 764, "position": [4.6201775754627095, -1.0904092119243967, 2.6777029987877916], "rotation": [[-0.4224280359961845, 0.15213204614260475, -0.8935381328968958], [-0.24388083773056207, 0.9303813757478404, 0.27370172204316645], [0.872970040374952, 0.33353610928656563, -0.3559170864256655]], "fy": 573.9545869517807, "fx": 570.9922659873747}, {"id": 19, "img_name": "304f3ee2-8774-4af9-b136-f8f1d9591d4e.jpg", "width": 572, "height": 764, "position": [-0.1717957330803162, 0.026870511202404024, 0.14652698021126526], "rotation": [[0.10829186325388118, 0.4175334416754379, -0.9021855116524907], [-0.2694341097288047, 0.8858824382588943, 0.37764740976090716], [0.9569107235618426, 0.20218340848630442, 0.20843161100277235]], "fy": 573.9545869517807, "fx": 570.9922659873747}, {"id": 20, "img_name": "316421e1-6dcc-49a5-bcf3-8b106e2aabba.jpg", "width": 572, "height": 764, "position": [4.530979043935601, -1.222990150225859, 2.941686510755785], "rotation": [[-0.476917634695587, 0.15723354788179425, -0.8647700163262309], [-0.22222152382980784, 0.9303351091776616, 0.2917090656427162], [0.8503923588927197, 0.3312917083959268, -0.4087525411358118]], "fy": 573.9545869517807, "fx": 570.9922659873747}, {"id": 21, "img_name": "3248f49e-7117-41ec-9b94-f259bd333e2d.jpg", "width": 572, "height": 764, "position": [-0.024385047850182823, 0.2064685619904212, -0.7414184245064237], "rotation": [[0.9991332657613518, 0.011314016663929293, -0.040058835180077725], [-0.011220733212218824, 0.9999337871452927, 0.002552738030624731], [0.04008506449086132, -0.002101035982823391, 0.999194061858137]], "fy": 573.9545869517807, "fx": 570.9922659873747}, {"id": 22, "img_name": "32623947-ad24-440f-853a-f5611c9bb8fd.jpg", "width": 572, "height": 764, "position": [-0.024385435580780747, 0.2064686003207663, -0.7414192483715033], "rotation": [[0.9991332675799199, 0.01131419688646823, -0.04005873892031784], [-0.011220914136306579, 0.9999337851376049, 0.0025527291919993167], [0.04008496851710863, -0.0021010209890153174, 0.9991940657398771]], "fy": 573.9545869517807, "fx": 570.9922659873747}, {"id": 23, "img_name": "381913f7-0dc8-46d8-b429-b1eb082a1159.jpg", "width": 572, "height": 764, "position": [4.938155537526787, -0.5720753710197476, 1.356927984290465], "rotation": [[-0.1275623447879458, 0.13980800422208128, -0.9819274770305796], [-0.2738429677486359, 0.9465682330005865, 0.1703484936498326], [0.9532774397869807, 0.29062398770505166, -0.0824610245121488]], "fy": 573.9545869517807, "fx": 570.9922659873747}, {"id": 24, "img_name": "382c1c82-9423-413b-84ca-189000f64d39.jpg", "width": 572, "height": 764, "position": [-3.986629819354518, 1.1009899420952087, -2.7028457158943198], "rotation": [[0.6360813345853356, -0.04879782125120073, 0.7700774691115655], [0.21325762145144195, 0.9702434655579038, -0.11466823638245446], [-0.7415670722766833, 0.23716321422877712, 0.627560265736816]], "fy": 573.9545869517807, "fx": 570.9922659873747}, {"id": 25, "img_name": "3dac29ef-40ba-4576-b0fb-ef1ef0168e80.jpg", "width": 572, "height": 764, "position": [-1.2692304500748315, -0.11187664369076138, 0.27261294422236126], "rotation": [[0.18735193908457648, -0.34649470845249847, 0.9191521462389494], [0.31905597951331893, 0.9064519078731127, 0.2766734910503544], [-0.9290331172019894, 0.2414256732984543, 0.28037673122843537]], "fy": 573.9545869517807, "fx": 570.9922659873747}, {"id": 26, "img_name": "3ea27aee-6beb-4755-8f76-90868f9e2164.jpg", "width": 572, "height": 764, "position": [-4.319887347041139, -0.24806082774118487, 1.2006559024821104], "rotation": [[-0.1003933431242142, -0.16736945062166197, 0.9807694141106494], [0.3171282645171782, 0.9289526291189004, 0.19098868211861444], [-0.9430539965986391, 0.3302036944852155, -0.04018307663243348]], "fy": 573.9545869517807, "fx": 570.9922659873747}, {"id": 27, "img_name": "3eb027f9-ffa9-40c8-819c-9c93df2d24be.jpg", "width": 572, "height": 764, "position": [3.961098728933467, -1.4561477346748941, 3.45424323900899], "rotation": [[-0.6124675546298108, 0.1561427169185955, -0.774921251792115], [-0.20072756398218178, 0.9174478000425685, 0.3435083394254502], [0.7645861230649941, 0.36593576779310677, -0.5305648633919424]], "fy": 573.9545869517807, "fx": 570.9922659873747}, {"id": 28, "img_name": "434f902d-6288-4eda-834d-80c61e3771ba.jpg", "width": 572, "height": 764, "position": [0.3768974647356279, 0.17671022459632427, -0.6497016378445962], "rotation": [[0.9439336545974809, 0.09420713408128603, -0.3164083937041401], [-0.10740285441800318, 0.9939140272062718, -0.02448537084619493], [0.312176044214012, 0.05709573023266341, 0.9483070151633859]], "fy": 573.9545869517807, "fx": 570.9922659873747}, {"id": 29, "img_name": "447ddf79-5d92-4c97-b0fa-d1ee3a093072.jpg", "width": 572, "height": 764, "position": [-1.44605096649884, -0.04885144621112427, 0.13629105481854673], "rotation": [[0.3568778166717595, -0.25889994384163834, 0.8975572644942462], [0.28673545108684656, 0.9448039005928839, 0.1585193064408702], [-0.8890562440349995, 0.20078946312809445, 0.4114153454103419]], "fy": 573.9545869517807, "fx": 570.9922659873747}, {"id": 30, "img_name": "4680915b-9da2-4c00-9a01-3dc4b924a594.jpg", "width": 572, "height": 764, "position": [0.36141231898179044, 0.09615282611757922, -0.008921872470544724], "rotation": [[0.7628095606618205, 0.1124533944019283, -0.6367698236022221], [-0.10945731482629605, 0.9930064236828001, 0.044241821342619427], [0.6372916682288713, 0.03595103075267113, 0.7697836403781797]], "fy": 573.9545869517807, "fx": 570.9922659873747}, {"id": 31, "img_name": "4acef002-3bd0-4ae6-b223-e2d63148c159.jpg", "width": 572, "height": 764, "position": [0.2360422981615912, 0.01131618267761024, 0.3565546875479231], "rotation": [[0.9915557809480003, -0.08644311650323154, -0.09666809648384528], [0.0952992539698267, 0.9912718649723802, 0.09109413761035291], [0.08794990313465816, -0.09953731623561175, 0.9911393127180539]], "fy": 573.9545869517807, "fx": 570.9922659873747}, {"id": 32, "img_name": "4bd72bff-44dd-412f-8e3f-ab456c93561b.jpg", "width": 572, "height": 764, "position": [-4.6761881347240495, 0.42974519246754844, 0.014352991637812468], "rotation": [[0.19963396526394428, -0.09624922276096423, 0.9751319741608847], [0.33179424567634225, 0.94301639467483, 0.025152691914627857], [-0.921986365652476, 0.31852184617761375, 0.2201930404407533]], "fy": 573.9545869517807, "fx": 570.9922659873747}, {"id": 33, "img_name": "4bffda91-4531-408d-9728-349bb6f09372.jpg", "width": 572, "height": 764, "position": [-0.4589674652054767, 0.1380369540283681, 0.13918004948306012], "rotation": [[0.7185757481137459, -0.11380848200793994, 0.6860732640511644], [0.17263159119090601, 0.9848320175722868, -0.017442215667597342], [-0.6736818447499281, 0.13097147241879617, 0.7273233431334281]], "fy": 573.9545869517807, "fx": 570.9922659873747}, {"id": 34, "img_name": "4ebdc2ad-1ae3-43a1-a633-fc9d5d71c457.jpg", "width": 572, "height": 764, "position": [-1.4201277342420986, -1.775519418335461, 5.035762546583518], "rotation": [[-0.972738525551961, -0.010400438679568257, 0.2316713011623779], [0.09816063969314426, 0.8866215150934952, 0.45195882311151747], [-0.21010533006573004, 0.4623787623243392, -0.8614299916008166]], "fy": 573.9545869517807, "fx": 570.9922659873747}, {"id": 35, "img_name": "503c0b4d-b719-4d8d-8cab-a34526e99994.jpg", "width": 572, "height": 764, "position": [4.998665258113579, -0.2075484231808643, 0.09491577855065418], "rotation": [[0.13204353389462303, 0.14955417187132516, -0.9798969613344567], [-0.2691468884220822, 0.9568237620804747, 0.10976447863893957], [0.9540044326989946, 0.24924252846183598, 0.16659443086916234]], "fy": 573.9545869517807, "fx": 570.9922659873747}, {"id": 36, "img_name": "536564cf-09b0-48c9-bebf-3912b63898a4.jpg", "width": 572, "height": 764, "position": [-3.8728506157794658, -0.6119387218882103, 2.30256143133388], "rotation": [[-0.4615954133303557, -0.1298404439007537, 0.8775369698878981], [0.29277561204248714, 0.9115024882357403, 0.2888696158013179], [-0.8373840907167541, 0.3902623131532294, -0.3827312523779129]], "fy": 573.9545869517807, "fx": 570.9922659873747}, {"id": 37, "img_name": "5b7c1cda-56b9-474d-9782-a70b33a2c444.jpg", "width": 572, "height": 764, "position": [-0.9899580246200912, -0.4132857735366275, 1.3109214344043496], "rotation": [[-0.7026253565335695, -0.20500553997423193, 0.681388535958705], [0.2392415086831526, 0.8337880204688856, 0.49755505971257713], [-0.6701351422504886, 0.5126112225677962, -0.5367947704835302]], "fy": 573.9545869517807, "fx": 570.9922659873747}, {"id": 38, "img_name": "5c2c1d5e-8dee-478c-bc7f-bfd1e7554a7a.jpg", "width": 572, "height": 764, "position": [4.4403628321571125, -1.2745200893774298, 3.0151492928265395], "rotation": [[-0.49474013201090616, 0.1598363164483795, -0.8542157536138307], [-0.2195393811232644, 0.9280718160290903, 0.3008075205650293], [0.84085353178413, 0.3363555503283393, -0.424064006783734]], "fy": 573.9545869517807, "fx": 570.9922659873747}, {"id": 39, "img_name": "5e2e1f55-0819-4966-8974-68dbc52805f5.jpg", "width": 572, "height": 764, "position": [-0.5565785620786524, 0.11463200426118261, 0.2428810947045028], "rotation": [[0.5930520265412029, -0.17788866024522307, 0.7852674183814914], [0.22714415801248813, 0.9726382119051018, 0.048789755306253874], [-0.7724602418870311, 0.14943404330408083, 0.6172314326131031]], "fy": 573.9545869517807, "fx": 570.9922659873747}, {"id": 40, "img_name": "5f4671dd-2184-4a2f-85a3-8beb125ba6e5.jpg", "width": 572, "height": 764, "position": [0.20192580433114535, 0.20840564526965197, -0.7517281836830555], "rotation": [[0.9807442362174845, 0.0684635174464716, -0.18290295214960148], [-0.07790248081140558, 0.9959484230710886, -0.04492151005520983], [0.17908642218105572, 0.05830510578901658, 0.9821041533510181]], "fy": 573.9545869517807, "fx": 570.9922659873747}, {"id": 41, "img_name": "5febe87e-d092-43da-8e12-50733a027328.jpg", "width": 572, "height": 764, "position": [1.2834104727255131, 0.2537191812951513, -0.705954230105974], "rotation": [[0.6985557270054956, 0.20827862389989993, -0.6845727945910408], [-0.1579410754239845, 0.9779850869778478, 0.13638103366248006], [0.6979072380780548, 0.012852411263856688, 0.7160728332809213]], "fy": 573.9545869517807, "fx": 570.9922659873747}, {"id": 42, "img_name": "612870c3-1c01-411f-b286-e472bc5403ad.jpg", "width": 572, "height": 764, "position": [-4.649898476847964, 0.8231932815819124, -1.5677551259749791], "rotation": [[0.4450797870320391, -0.06514344537179846, 0.8931183094644326], [0.23917692567380933, 0.9697660543993125, -0.04845820838634845], [-0.8629590844302757, 0.235181060589243, 0.44720407795477346]], "fy": 573.9545869517807, "fx": 570.9922659873747}, {"id": 43, "img_name": "6de40bf9-7858-486c-877e-c87c498fbc17.jpg", "width": 572, "height": 764, "position": [-0.513813630573049, 0.14384614954185346, 0.17088250363125265], "rotation": [[0.6773578277762212, -0.16106069417569427, 0.7178062593359872], [0.20798348548655876, 0.9778584099832163, 0.023147349523400546], [-0.7056410156128551, 0.13361280932881978, 0.6958580130084865]], "fy": 573.9545869517807, "fx": 570.9922659873747}, {"id": 44, "img_name": "70941bcb-f8b1-4f15-ab80-9174cb55b471.jpg", "width": 572, "height": 764, "position": [0.42391172119623255, 0.016805886019949225, 0.574766963036002], "rotation": [[-0.23294363568113968, -0.37666875270320566, 0.8965812363264486], [0.3414551789213062, 0.8315667941862371, 0.43806966066442327], [-0.910574337099103, 0.40818784590410756, -0.06509269600111361]], "fy": 573.9545869517807, "fx": 570.9922659873747}, {"id": 45, "img_name": "7140c840-3cf7-4700-9aea-e5fc2f978b07.jpg", "width": 572, "height": 764, "position": [0.18351760379089951, 0.20872181200578172, -0.7532252559595862], "rotation": [[0.9893354306349372, 0.049547435188744965, -0.13696881892095172], [-0.05401203738021518, 0.9981170019079002, -0.029071469182394165], [0.13527049016109016, 0.036159399450236614, 0.9901486718281134]], "fy": 573.9545869517807, "fx": 570.9922659873747}, {"id": 46, "img_name": "7142caa5-695d-4d02-8891-108e5709fb43.jpg", "width": 572, "height": 764, "position": [-0.1465623452732445, 1.4762442318967348, -4.584229948194508], "rotation": [[0.9972636604337072, -0.017021151853255517, 0.07194075317893171], [0.030425555674065796, 0.9813956694171223, -0.18957010737783228], [-0.06737564203989363, 0.19124021658350776, 0.9792281156200557]], "fy": 573.9545869517807, "fx": 570.9922659873747}, {"id": 47, "img_name": "71730fc9-fe76-4582-9e56-dc9e088180a1.jpg", "width": 572, "height": 764, "position": [4.95570564515315, -0.34264375112956325, 0.45936433404627913], "rotation": [[0.050962995919114164, 0.13395413260325906, -0.9896762417101144], [-0.2799683978214029, 0.9531454211072187, 0.11459276785059098], [0.958655552984629, 0.27123808099315855, 0.08607807009269972]], "fy": 573.9545869517807, "fx": 570.9922659873747}, {"id": 48, "img_name": "724fe330-9859-4ed6-847f-b16590bfec4e.jpg", "width": 572, "height": 764, "position": [-2.644900243228053, -1.3242533574028583, 3.951430752004307], "rotation": [[-0.8257981873626141, -0.07102298155430452, 0.5594757276591693], [0.20351122442428493, 0.8876679078638784, 0.41307247170671324], [-0.5259662872104526, 0.454974088756384, -0.7185805753555748]], "fy": 573.9545869517807, "fx": 570.9922659873747}, {"id": 49, "img_name": "74295ed1-002e-48f0-9a42-8bc09c53217c.jpg", "width": 572, "height": 764, "position": [-3.14142222842648, 1.1856808685009133, -3.3072651736192706], "rotation": [[0.7818215299612024, -0.029410805935580223, 0.6228082367658159], [0.14859304400409395, 0.9788945757296235, -0.14030508501375855], [-0.6055371190626734, 0.20223850795864837, 0.7696910960482377]], "fy": 573.9545869517807, "fx": 570.9922659873747}, {"id": 50, "img_name": "745139be-ac89-44f0-be53-a76ad1b832e1.jpg", "width": 572, "height": 764, "position": [-4.3012751308718515, -0.25902556027220536, 1.3367149388536002], "rotation": [[-0.13555518278187575, -0.15484491999167213, 0.9785948309559707], [0.32227822144676865, 0.9271061537095251, 0.19133982265863556], [-0.9368892892984098, 0.34131690627143446, -0.0757708987093131]], "fy": 573.9545869517807, "fx": 570.9922659873747}, {"id": 51, "img_name": "74514ebe-7df9-401f-8a51-c6464b52a566.jpg", "width": 572, "height": 764, "position": [-1.186678770119759, 0.01499020307288041, -0.1296037070618284], "rotation": [[0.5331417125278357, -0.31050005624864124, 0.7869876933170412], [0.23778441191165534, 0.9477146253310184, 0.21282754141679056], [-0.8119227104932556, 0.0736661659330663, 0.5790982716102742]], "fy": 573.9545869517807, "fx": 570.9922659873747}, {"id": 52, "img_name": "7531878c-441a-49a3-af12-071019a24208.jpg", "width": 572, "height": 764, "position": [1.7440853026398682, -0.040173947345421006, 0.1788532618914807], "rotation": [[0.09671030123626975, 0.3463407632653347, -0.9331104936370478], [-0.28091952579471113, 0.9088870788771231, 0.3082344852178043], [0.9548462377063984, 0.232319507469768, 0.18519262616783602]], "fy": 573.9545869517807, "fx": 570.9922659873747}, {"id": 53, "img_name": "77e91abe-0d3e-4696-943e-86dd276c62d0.jpg", "width": 572, "height": 764, "position": [-1.1587108488210882, -0.29437297333048507, 0.915514082992428], "rotation": [[-0.30075566567662443, -0.29950061032304737, 0.9054531539398005], [0.2837171592818977, 0.8783270828769273, 0.38476760390385967], [-0.9105221595834009, 0.37261363354154026, -0.17918838412840826]], "fy": 573.9545869517807, "fx": 570.9922659873747}, {"id": 54, "img_name": "793e6e58-9c52-43d3-8292-4d4119fb110c.jpg", "width": 572, "height": 764, "position": [-1.1805230470684633, -0.06177643190140061, 0.14791421450925393], "rotation": [[0.30336394231997593, -0.3532906774441399, 0.8849610249785824], [0.30251565673538516, 0.9163893263901783, 0.26213523209998596], [-0.9035787712922659, 0.1881921882258018, 0.38487544005917473]], "fy": 573.9545869517807, "fx": 570.9922659873747}, {"id": 55, "img_name": "7aa45b3b-e0db-4020-96a0-5004d21b9c60.jpg", "width": 572, "height": 764, "position": [-2.6472152898244503, -1.3454972710728434, 4.024180755065045], "rotation": [[-0.831425232783391, -0.06839651996953146, 0.5514109160572915], [0.1952754922114928, 0.8931200559451005, 0.40522098638913057], [-0.5201918534854648, 0.44458799098117596, -0.7292063863150667]], "fy": 573.9545869517807, "fx": 570.9922659873747}, {"id": 56, "img_name": "7fb7eb77-b02d-49a5-8a6c-fe0709eebb0f.jpg", "width": 572, "height": 764, "position": [-4.770797337311637, 0.7119487359937569, -0.9157014965137488], "rotation": [[0.3774541108869196, -0.06920068975201243, 0.9234390389800567], [0.25721307564878426, 0.9657992519937167, -0.03276031995677009], [-0.8895896963712303, 0.24988611283187157, 0.38234422020467285]], "fy": 573.9545869517807, "fx": 570.9922659873747}, {"id": 57, "img_name": "8020275b-47ef-4209-a041-b2791a8957c2.jpg", "width": 572, "height": 764, "position": [3.2012704427704644, -1.5986556614398322, 4.220830473287539], "rotation": [[-0.7800937532667949, 0.10206533515279148, -0.6172814621177865], [-0.17549696908791157, 0.9113012113250043, 0.3724659931839906], [0.6005452105837499, 0.3988894202629698, -0.6929882253308425]], "fy": 573.9545869517807, "fx": 570.9922659873747}, {"id": 58, "img_name": "873e0a50-a7c9-4ae3-95c9-080c2768546e.jpg", "width": 572, "height": 764, "position": [-3.956792858695055, 1.1153603080894978, -2.722008644587853], "rotation": [[0.6337267615528008, -0.04463891269366201, 0.7722679322394056], [0.20776547940722712, 0.9714730522255146, -0.11433990714675105], [-0.7451334761359771, 0.23291087624490653, 0.6249228964187065]], "fy": 573.9545869517807, "fx": 570.9922659873747}, {"id": 59, "img_name": "881e1ea1-77c7-42d9-bc68-e5be08d4a88d.jpg", "width": 572, "height": 764, "position": [-1.1541640524657868, 0.019998282606272514, -0.18265325588508052], "rotation": [[0.5277682363226713, -0.3029538071629543, 0.7935235846868879], [0.24736172844268847, 0.9485553176103353, 0.19762334056229638], [-0.8125717593115716, 0.09198804356342888, 0.5755565444078193]], "fy": 573.9545869517807, "fx": 570.9922659873747}, {"id": 60, "img_name": "8877445b-3cbb-49f8-a656-7949e3ff99af.jpg", "width": 572, "height": 764, "position": [0.36141231898179055, 0.09615282611757922, -0.008921872470544703], "rotation": [[0.7628095606618205, 0.11245339440192831, -0.6367698236022221], [-0.10945731482629605, 0.9930064236828001, 0.04424182134261942], [0.6372916682288713, 0.03595103075267113, 0.7697836403781797]], "fy": 573.9545869517807, "fx": 570.9922659873747}, {"id": 61, "img_name": "89023780-8994-4b70-adb7-75ccadf0fed3.jpg", "width": 572, "height": 764, "position": [2.4474001312963414, -1.6191103678565757, 4.4622197257713685], "rotation": [[-0.8431851138365899, 0.10737699022671816, -0.5267912734416047], [-0.13419341991177577, 0.9068026104441831, 0.3996262650827602], [0.5206063674761943, 0.4076508403787069, -0.7501931767763389]], "fy": 573.9545869517807, "fx": 570.9922659873747}, {"id": 62, "img_name": "899e23a5-4abb-4745-b247-502f2381a8e9.jpg", "width": 572, "height": 764, "position": [-1.2144334691653964, -0.19204694626014943, 0.5974494813843733], "rotation": [[-0.05311286757103658, -0.34078955388499926, 0.9386381109145551], [0.3236914702832233, 0.8833369396774832, 0.3390275550262897], [-0.9446707655920482, 0.32183587581884326, 0.06339411385650434]], "fy": 573.9545869517807, "fx": 570.9922659873747}, {"id": 63, "img_name": "8b284441-0e25-494a-9dbf-dbf104ea9b11.jpg", "width": 572, "height": 764, "position": [0.6660931281060619, -1.6259788235695418, 4.798636270033677], "rotation": [[-0.9772156333678772, 0.08444859586932267, -0.19472555188551505], [-0.012084392347085166, 0.8938144397266762, 0.4482741513824881], [0.2119046327077827, 0.4404136487346729, -0.8724289338652128]], "fy": 573.9545869517807, "fx": 570.9922659873747}, {"id": 64, "img_name": "92360db2-515d-490a-8ea7-8d74c97bbe1f.jpg", "width": 572, "height": 764, "position": [-0.05623940245190137, 0.16452796981631343, -0.7753831687335268], "rotation": [[0.99957313480042, 0.02890966485293133, 0.004216570093387816], [-0.029212453851066796, 0.9911031473032477, 0.12985062166041456], [-0.00042511793723404263, -0.12991836930814682, 0.9915246021108357]], "fy": 573.9545869517807, "fx": 570.9922659873747}, {"id": 65, "img_name": "95aa2d4a-859e-4710-99c9-0a9779473ab2.jpg", "width": 572, "height": 764, "position": [-4.576674403297518, -0.11532500235753172, 0.2516684403946345], "rotation": [[0.13158918989127194, -0.20779637254732786, 0.9692806366888439], [0.30807432111803046, 0.9379385133587543, 0.1592531250118328], [-0.9422178610976462, 0.2776544844128073, 0.18743929554400982]], "fy": 573.9545869517807, "fx": 570.9922659873747}, {"id": 66, "img_name": "990d5ae1-360b-4b77-9d76-f0cc8233f242.jpg", "width": 572, "height": 764, "position": [-1.2540680183075013, -0.15284323867391833, 0.5082432904191211], "rotation": [[0.014506340980416255, -0.34444568249337165, 0.9386941663199122], [0.3298783975581657, 0.8878797864254947, 0.32070192965037564], [-0.9439119709463464, 0.3050027158382252, 0.12650507671824957]], "fy": 573.9545869517807, "fx": 570.9922659873747}, {"id": 67, "img_name": "99e3a902-8528-48c4-b674-5b3a59ab6c7f.jpg", "width": 572, "height": 764, "position": [4.586597301040572, -1.1685055592157718, 2.8543077797271827], "rotation": [[-0.45554845478813544, 0.15429622438659574, -0.8767372927394973], [-0.22684176658540817, 0.9322333192786307, 0.2819288054796061], [0.8608242667772282, 0.3273128680128352, -0.3896766199820808]], "fy": 573.9545869517807, "fx": 570.9922659873747}, {"id": 68, "img_name": "9ba6a8a7-b985-4469-99a5-f1cb2264e40c.jpg", "width": 572, "height": 764, "position": [1.3190358233253363, 0.25139071588190326, -0.6899626618576166], "rotation": [[0.6742820102018553, 0.22056151198958007, -0.7047669048323819], [-0.17134459285155562, 0.9750385918009171, 0.14121180899421715], [0.7183208205382047, 0.02554141593089438, 0.6952430041744866]], "fy": 573.9545869517807, "fx": 570.9922659873747}, {"id": 69, "img_name": "a3a120b4-f20c-4895-b4e0-0edb6e9e8c37.jpg", "width": 572, "height": 764, "position": [1.507935752798411, 0.20960260257972987, -0.582411871235919], "rotation": [[0.5624556916345483, 0.26916549789008, -0.7817886732957232], [-0.2223498791273872, 0.959937163558588, 0.17053203004458903], [0.7963693403188863, 0.07791390610589152, 0.5997710371761746]], "fy": 573.9545869517807, "fx": 570.9922659873747}, {"id": 70, "img_name": "a4e504d8-75d1-41fb-9012-59e75162ffb8.jpg", "width": 572, "height": 764, "position": [-4.781663396338762, 0.7441646117117662, -1.0876893907331628], "rotation": [[0.38485850673953687, -0.06729424969360583, 0.9205191001540317], [0.267713565821567, 0.962601911056533, -0.04155727981247032], [-0.8832968790080237, 0.26242912336188046, 0.38848111761860393]], "fy": 573.9545869517807, "fx": 570.9922659873747}, {"id": 71, "img_name": "a69adf09-4acc-4670-a487-2afe45fe6d8f.jpg", "width": 572, "height": 764, "position": [-1.0647669224903424, 0.039143204658910594, -0.24836958093807726], "rotation": [[0.630156892186721, -0.29310022151968224, 0.7190233315927143], [0.24838454873233454, 0.9534527797849154, 0.17097635120522428], [-0.7356680006501625, 0.07085235963276657, 0.673626406811566]], "fy": 573.9545869517807, "fx": 570.9922659873747}, {"id": 72, "img_name": "a985fec8-85a8-4594-a525-91fb294253ee.jpg", "width": 572, "height": 764, "position": [0.3334678338843928, 0.18041983477020496, -0.6742043929284899], "rotation": [[0.954232005959316, 0.09384260395553558, -0.2839627519336021], [-0.1062762559009503, 0.9939233692839852, -0.028665195321970136], [0.2795471985810905, 0.057531744924132724, 0.9584067310340892]], "fy": 573.9545869517807, "fx": 570.9922659873747}, {"id": 73, "img_name": "ad658e69-7ffe-49b9-b259-068362d1fb01.jpg", "width": 572, "height": 764, "position": [0.4087402653278297, -0.020180674779478155, 0.867118628505121], "rotation": [[0.3456830960354289, -0.42044645235935646, 0.8388849610130054], [0.27096325900349183, 0.9006412464883019, 0.3397414566905317], [-0.8983774871319778, 0.10986412436473154, 0.4252619954710317]], "fy": 573.9545869517807, "fx": 570.9922659873747}, {"id": 74, "img_name": "adbc6cea-a3db-4161-93f3-e2f0e4e6f0b9.jpg", "width": 572, "height": 764, "position": [2.0860078680601837, -1.576297439116951, 4.5327239538694615], "rotation": [[-0.8813292406503984, 0.0968607588845667, -0.4624681210233823], [-0.11744169244919345, 0.9031423484919633, 0.41296652071940443], [0.45767479551452367, 0.41827250895645424, -0.7845902687403228]], "fy": 573.9545869517807, "fx": 570.9922659873747}, {"id": 75, "img_name": "ae45b0ac-857b-4a58-a847-39f90a4ac22d.jpg", "width": 572, "height": 764, "position": [3.274518941481708, 0.7879037917835643, -2.7447285304060367], "rotation": [[0.7253660738241653, 0.07320712141023689, -0.6844594774855135], [-0.17360204304781787, 0.9816434009782187, -0.07898458055557168], [0.6661128955323857, 0.17611629876517063, 0.7247597255054383]], "fy": 573.9545869517807, "fx": 570.9922659873747}, {"id": 76, "img_name": "b0cacd37-40cb-4ae2-bb58-1dd3cc7a1a45.jpg", "width": 572, "height": 764, "position": [0.9992563998275883, 0.30375892054600695, -0.900874000556105], "rotation": [[0.8760593212395066, 0.1454422008811064, -0.45974626901393634], [-0.11742108999664123, 0.9890728313630249, 0.08914719223581744], [0.46768830784334936, -0.024114320691012596, 0.8835644550592986]], "fy": 573.9545869517807, "fx": 570.9922659873747}, {"id": 77, "img_name": "b14598d4-b949-49b6-9514-5d2f18f9b289.jpg", "width": 572, "height": 764, "position": [0.01929266127082093, -0.10554297816543537, 0.31332859413736097], "rotation": [[-0.37770010086600386, 0.40947374462895497, -0.83046606569164], [-0.24359227471426975, 0.8213651098579953, 0.5157733610874946], [0.8933115008245095, 0.39710276852158144, -0.2104850439512439]], "fy": 573.9545869517807, "fx": 570.9922659873747}, {"id": 78, "img_name": "b210a902-82a7-4817-8b1e-01e14a8f8cdd.jpg", "width": 572, "height": 764, "position": [0.18351760379089951, 0.20872181200578172, -0.7532252559595862], "rotation": [[0.9893354306349372, 0.049547435188744965, -0.13696881892095172], [-0.05401203738021518, 0.9981170019079002, -0.029071469182394165], [0.13527049016109016, 0.036159399450236614, 0.9901486718281134]], "fy": 573.9545869517807, "fx": 570.9922659873747}, {"id": 79, "img_name": "b3f0d2e9-01df-47b7-8bb3-41fdb7b9cb0e.jpg", "width": 572, "height": 764, "position": [-1.9155954224304441, 1.3411008085480243, -4.05966592149175], "rotation": [[0.926139079443736, -0.027047435418320286, 0.3762111664536304], [0.09326231311985915, 0.9828757698403611, -0.15892564932146996], [-0.365470308614315, 0.18227357816757012, 0.9128021670785779]], "fy": 573.9545869517807, "fx": 570.9922659873747}, {"id": 80, "img_name": "b42473ad-2d45-4400-b373-ed6164033e1a.jpg", "width": 572, "height": 764, "position": [-0.9317714768540213, 0.11176229971286762, -0.45542289510767137], "rotation": [[0.7971741797707261, -0.19394930226211365, 0.5717490666882713], [0.1681915908037518, 0.9808488673335259, 0.09821959190223797], [-0.5798490457781003, 0.01786526245477876, 0.8145280329783922]], "fy": 573.9545869517807, "fx": 570.9922659873747}, {"id": 81, "img_name": "b4e41fdc-2bd4-4235-a657-215cdfad7f64.jpg", "width": 572, "height": 764, "position": [0.4036673167742348, -0.07271565189241298, 0.7030337107253699], "rotation": [[-0.14527569849824917, -0.4485569693458616, 0.8818682535827568], [0.31357801178913985, 0.8244976310772114, 0.4710334243665054], [-0.9383836112956235, 0.3449642033593082, 0.020878133356743767]], "fy": 573.9545869517807, "fx": 570.9922659873747}, {"id": 82, "img_name": "b6d8e466-a05f-4db4-a994-85a4f8253611.jpg", "width": 572, "height": 764, "position": [-4.556665035467172, 0.8316783550288587, -1.67946326889584], "rotation": [[0.4730766546595074, -0.06806939035867875, 0.8783877486124037], [0.2357603824998946, 0.9704311827347244, -0.051772208950239394], [-0.8488907590848618, 0.23158125501059376, 0.4751364030129092]], "fy": 573.9545869517807, "fx": 570.9922659873747}, {"id": 83, "img_name": "b811dff5-6389-435c-ab9f-1d4cc5a7d2a4.jpg", "width": 572, "height": 764, "position": [-0.651737994400783, 0.12703636849201325, -0.5810160505271723], "rotation": [[0.9164203678317748, -0.1344145700759008, 0.37697006880438855], [0.11352605334171921, 0.9905307368700605, 0.07720553431139565], [-0.38377798873271485, -0.02795680001297935, 0.9230020978834808]], "fy": 573.9545869517807, "fx": 570.9922659873747}, {"id": 84, "img_name": "ba46ddc6-710b-4c5a-8aa5-6be49548c11c.jpg", "width": 572, "height": 764, "position": [4.652034166500768, 0.26541328628984917, -1.480738681004052], "rotation": [[0.4119964535762861, 0.10459576833510617, -0.9051622216414867], [-0.22738062327528347, 0.9737641149411659, 0.009027768926573861], [0.8823587560621285, 0.20209694134062686, 0.424970412971605]], "fy": 573.9545869517807, "fx": 570.9922659873747}, {"id": 85, "img_name": "bdb39c83-8dd6-4e35-8c32-e29ca53a9be8.jpg", "width": 572, "height": 764, "position": [-0.5606342084245268, 0.173005830422526, -0.7634192896236677], "rotation": [[0.9460287010248853, -0.1110957754207637, 0.30444609624829677], [0.09303283225611239, 0.9929644935158047, 0.07325576249898422], [-0.31044256950291793, -0.0409785712362055, 0.9497084646036724]], "fy": 573.9545869517807, "fx": 570.9922659873747}, {"id": 86, "img_name": "c38ae6e9-c289-47be-819d-bd09e966fff6.jpg", "width": 572, "height": 764, "position": [1.9530957559022932, 1.0658422275230341, -3.3795419716948234], "rotation": [[0.9021895685682346, 0.033566893658529995, -0.43003168024783917], [-0.10500602248703565, 0.9840658775372542, -0.14348548326672753], [0.4183631408335526, 0.17460702253045585, 0.891338695488384]], "fy": 573.9545869517807, "fx": 570.9922659873747}, {"id": 87, "img_name": "c3949a15-735a-4d8d-9fcd-1cfe03290025.jpg", "width": 572, "height": 764, "position": [-1.1740862869194477, 0.01256688991628843, -0.16165642415638046], "rotation": [[0.5517180951254247, -0.2943348560087879, 0.7803679491428763], [0.23529420226544517, 0.9525817092391863, 0.1929371027128218], [-0.8001523491757307, 0.07716916327935813, 0.5948118512162676]], "fy": 573.9545869517807, "fx": 570.9922659873747}, {"id": 88, "img_name": "cbd2ef65-d934-47bd-8870-4a618257423f.jpg", "width": 572, "height": 764, "position": [5.09713072610316, -0.09115522740618119, -0.21632524621981938], "rotation": [[0.17629852290785986, 0.13872231717800299, -0.9745126728459065], [-0.26504743866309394, 0.9601444171568582, 0.08872741098809678], [0.9479813743310785, 0.24264957638389298, 0.20604003737642113]], "fy": 573.9545869517807, "fx": 570.9922659873747}, {"id": 89, "img_name": "cca796db-62ba-43c0-9a7e-874b96f4243c.jpg", "width": 572, "height": 764, "position": [-0.05623940245190137, 0.16452796981631343, -0.7753831687335268], "rotation": [[0.99957313480042, 0.02890966485293133, 0.004216570093387816], [-0.029212453851066796, 0.9911031473032477, 0.12985062166041456], [-0.00042511793723404263, -0.12991836930814682, 0.9915246021108357]], "fy": 573.9545869517807, "fx": 570.9922659873747}, {"id": 90, "img_name": "ce0def18-3284-4c09-a803-4eae73c89582.jpg", "width": 572, "height": 764, "position": [-0.1932801167268749, 1.4474044179088323, -4.597448909690918], "rotation": [[0.9972914842322165, -0.007377980784733881, 0.07317964797293627], [0.02060686696045532, 0.9831361742316749, -0.18171026374748328], [-0.07060490430541547, 0.18272610190294636, 0.9806253714703579]], "fy": 573.9545869517807, "fx": 570.9922659873747}, {"id": 91, "img_name": "cf110102-42fe-4c7d-8ae6-6d83ffa67ec6.jpg", "width": 572, "height": 764, "position": [1.524899169309166, 0.18576958078491018, -0.5120808828601381], "rotation": [[0.5358734632168419, 0.27224548517265024, -0.7992008678818462], [-0.22077783537726836, 0.9588340672033512, 0.17858997445659475], [0.8149213329065054, 0.08074420953472554, 0.573919501150202]], "fy": 573.9545869517807, "fx": 570.9922659873747}, {"id": 92, "img_name": "d0d28285-41d3-44d5-8025-ed6a538f1bcf.jpg", "width": 572, "height": 764, "position": [-0.10177420367062623, 0.033560521628828964, 0.31368369271963437], "rotation": [[0.3566040096067085, 0.3312942185212998, -0.8735431993363463], [-0.2401776635284127, 0.9360984701178282, 0.2569714851595289], [0.9028556198387708, 0.11816850264525933, 0.4133859391756404]], "fy": 573.9545869517807, "fx": 570.9922659873747}, {"id": 93, "img_name": "d23ec3f0-cccd-4f43-b597-dcfef75